Columns 1 through 10:

   0.00000   1.00000  -0.40000   1.07600  -0.74089   0.55432   0.34755   0.99719  -0.28787   1.18314

 Columns 11 through 20:

  -1.04610  -0.17713   0.64224   0.36939   1.00164  -0.29378   1.17966  -1.03637  -0.14980   0.65767

 Columns 21 through 30:

   0.34951   1.02628  -0.36969   1.11655  -0.85625   0.30853   0.60986   0.57186   0.72513   0.43542

 Columns 31 through 40:

   0.95211  -0.13848   1.25878  -1.25990  -0.84464  -0.37675   0.54790   0.46671   0.85942   0.10596

 Columns 41 through 50:

   1.24211  -1.12818  -0.40928   0.42703   0.62192   0.58661   0.70481   0.48052   0.88819   0.03973